 input geometry for
 methane-flouride-bro:
 --------------------------------------
 C   -0.53280660999999996      -0.73656836999999997       1.66179800000000009E-002
 H   -0.17613377000000000      -0.23217018000000000      -0.85703353000000004     
 F   -8.28220600000000029E-002  -2.0093660400000002       1.66179800000000009E-002
 Cl   5.38702100000000017E-002  9.30959400000000020E-002   1.4536522300000001     
 Br   -2.4428066099999999      -0.73654483999999998       1.66179800000000009E-002
 info:           0 lwork1:   102.00000000000000     
 eigenvalues of the inertia tensor:   79.783040545973208        242.96519241550752        311.94294011830925     
 info           0
 eigenvectors of the inertia tensor:
 ---------------------------------------
 eigenvector 1:  0.90955819050056075       0.14196439142995629       0.39057650935414345     
 eigenvector 2:  0.33403778852203925      -0.80886884807159554      -0.48389042402039234     
 eigenvector 3: -0.24722996164027236      -0.57059381190585301       0.78313475716641312     
 the order of the main rotation axis is:           1
 standard deviation of the atomic positions from the symmetrically perfect case for the
 main rotation axis        :   0.0000000000000000     
 Distance matrix:
 ----------------------------------------
     DM    C      H      F      Cl     Br 
    C    0.000  1.070  1.350  1.760  1.910
    H    1.070  0.000  1.983  2.345  2.481
    F    1.350  1.983  0.000  2.550  2.681
    Cl   1.760  2.345  2.550  0.000  2.998
    Br   1.910  2.481  2.681  2.998  0.000
 refference points
 --------------------------
 symmetrically equivalent atoms:
   0.0000000000000000        0.0000000000000000        0.0000000000000000     
   0.0000000000000000        0.0000000000000000        0.0000000000000000     
 midpoint between the two symmetrically equivalent atoms:   0.0000000000000000        0.0000000000000000        0.0000000000000000     
 The symmetry group is C           1
 CPU_TIME:   0.0000000000000000     
