 input geometry for
 cyclohexane - chair :
 --------------------------------------
 C    -4.6689178399999998       -3.4643695100000000        0.0000000000000000     
 C    -3.1538118399999999       -3.4643695100000000        0.0000000000000000     
 C    -2.6018808400000002       -2.0532915100000002        0.0000000000000000     
 C    -3.1515438400000000       -1.2487545099999999        1.1606609999999999     
 C    -4.6666688399999998       -1.2480935099999999        1.1601720000000000     
 C    -5.2194688400000002       -2.6587145099999998        1.1588760000000000     
 H    -1.4832818400000001       -2.0872825100000001       6.27140000000000059E-002
 H    -2.7812628400000001       -4.0100035099999998       0.90656199999999998     
 H    -2.7785178400000001       -4.0142285099999997      -0.90190999999999999     
 H    -5.0416058399999999       -3.0313405100000002      -0.96538500000000005     
 H    -5.0445148399999997       -4.5185895100000000       6.35020000000000029E-002
 H    -2.7790088399999999       -1.6835995100000001        2.1252719999999998     
 H    -2.7755208400000000      -0.19461750999999999        1.0986659999999999     
 H    -5.0419888400000001      -0.69866550999999999        2.0622859999999998     
 H    -5.0385238399999999      -0.70149251000000001       0.25384899999999999     
 H    -4.9534648399999996       -3.1644365099999998        2.1241910000000002     
 H    -6.3380168399999999       -2.6236535100000000        1.0939380000000001     
 H    -2.8704988400000002       -1.5476585100000000      -0.96454600000000001     
 info:           0 lwork1:   102.00000000000000     
 eigenvalues of the inertia tensor:   115.77701945250749        115.90008854017289        201.78317708537367     
 info           0
 eigenvectors of the inertia tensor:
 ---------------------------------------
 eigenvector 1:  0.86432351525441409       0.50080954054878923      -4.62024357968644772E-002
 eigenvector 2: -0.40248377964654586       0.74385198863933977       0.53356445357494509     
 eigenvector 3:  0.30158194259551308      -0.44257657314029825       0.84449648241286746     
 the order of the main rotation axis is:           3
 standard deviation of the atomic positions from the symmetrically perfect case for the
 main rotation axis        :  6.40244254246216378E-008
 Distance matrix:
 ----------------------------------------
     DM    C      C      C      C      C      C      H      H      H      H      H      H      H      H      H      H      H      H  
    C    0.000  1.515  2.503  2.925  2.502  1.515  3.471  2.164  2.166  1.122  1.121  3.356  3.935  3.470  2.799  2.164  2.166  2.800
    C    1.515  0.000  1.515  2.501  2.923  2.502  2.166  1.122  1.121  2.164  2.166  2.798  3.470  3.933  3.354  2.800  3.470  2.164
    C    2.503  1.515  0.000  1.515  2.502  2.926  1.121  2.164  2.166  2.800  3.471  2.164  2.166  3.470  2.798  3.358  3.935  1.122
    C    2.925  2.501  1.515  0.000  1.515  2.503  2.166  2.798  3.470  3.357  3.934  1.122  1.121  2.165  2.164  2.801  3.471  2.164
    C    2.502  2.923  2.502  1.515  0.000  1.515  3.470  3.354  3.933  2.800  3.470  2.164  2.166  1.121  1.122  2.164  2.166  2.798
    C    1.515  2.502  2.926  2.503  1.515  0.000  3.935  2.799  3.470  2.164  2.166  2.800  3.471  2.166  2.164  1.122  1.121  3.356
    H    3.471  2.166  1.121  2.166  3.470  3.935  0.000  2.469  2.514  3.822  4.312  2.469  2.515  4.312  3.821  4.178  4.992  1.809
    H    2.164  1.122  2.164  2.798  3.354  2.799  2.469  0.000  1.808  3.094  2.468  2.626  3.820  4.173  4.058  2.630  3.822  3.094
    H    2.166  1.121  2.166  3.470  3.933  3.470  2.514  1.808  0.000  2.468  2.514  3.820  4.312  4.990  4.173  3.822  4.311  2.469
    H    1.122  2.164  2.800  3.357  2.800  2.164  3.822  3.094  2.468  0.000  1.808  4.061  4.176  3.822  2.630  3.094  2.467  2.630
    H    1.121  2.166  3.471  3.934  3.470  2.166  4.312  2.468  2.514  1.808  0.000  4.174  4.992  4.311  3.822  2.467  2.515  3.822
    H    3.356  2.798  2.164  1.122  2.164  2.800  2.469  2.626  3.820  4.061  4.174  0.000  1.809  2.469  3.094  2.631  3.823  3.094
    H    3.935  3.470  2.166  1.121  2.166  3.471  2.515  3.820  4.312  4.176  4.992  1.809  0.000  2.514  2.468  3.823  4.312  2.469
    H    3.470  3.933  3.470  2.165  1.121  2.166  4.312  4.173  4.990  3.822  4.311  2.469  2.514  0.000  1.808  2.468  2.515  3.821
    H    2.799  3.354  2.798  2.164  1.122  2.164  3.821  4.058  4.173  2.630  3.822  3.094  2.468  1.808  0.000  3.094  2.468  2.627
    H    2.164  2.800  3.358  2.801  2.164  1.122  4.178  2.630  3.822  3.094  2.467  2.631  3.823  2.468  3.094  0.000  1.809  4.061
    H    2.166  3.470  3.935  3.471  2.166  1.121  4.992  3.822  4.311  2.467  2.515  3.823  4.312  2.515  2.468  1.809  0.000  4.174
    H    2.800  2.164  1.122  2.164  2.798  3.356  1.809  3.094  2.469  2.630  3.822  3.094  2.469  3.821  2.627  4.061  4.174  0.000
 refference points
 --------------------------
 symmetrically equivalent atoms:
 -0.72340715811114487       -1.2506893020682439      -0.22810018510370056     
  0.72115590245187899       -1.2506893020682439       0.22882842561441691     
 midpoint between the two symmetrically equivalent atoms: -1.12562782963293584E-003  -1.2506893020682439       3.64120255358174605E-004
 the molecule has a secondary rotation axis.
 standard deviation of the atomic positions from the symmetrically perfect case for the
 secondary rotation axis   :  0.55856575514812123     
 The symmetry group is D           3 d
 standard deviation of the atomic positions from the symmetrically perfect case for the
 vertical reflection plane :  0.35331911039847885     
 CPU_TIME:  4.00000000000000008E-003
